cutoff is: 25
cutoff is: 30
cutoff is: 35
cutoff is: 40
cutoffs= [25, 30, 35, 40]
state_infidelities= [0.0, 0.0, 0.0, 0.0]
CSUM_control_infidelities= [1.6076029396572267e-13, 5.551115123125783e-16, 0.0, 0.0]
CSUM_target_infidelities= [4.931610675384945e-13, 1.3310019753021152e-11, 0.0, 2.220446049250313e-16]
QGT_control_infidelities= [2.566547807614228e-08, 1.0245138071240945e-12, 1.1102230246251565e-16, 1.1102230246251565e-16]
QGT_target_infidelities= [4.931610675384945e-13, 1.3310019753021152e-11, 0.0, 2.220446049250313e-16]
QGT_AD_control_infidelities= [2.566547807614228e-08, 1.0245138071240945e-12, 1.1102230246251565e-16, 1.1102230246251565e-16]
QGT_AD_target_infidelities= [4.931610675384945e-13, 1.3310019753021152e-11, 0.0, 2.220446049250313e-16]
time it took for the whole script in seconds is: 0.14288382299127989
